1815 298 741 323 754 337 743
1814 312 713 298 741 337 743
1817 312 713 337 743 366 729
1816 347 681 312 713 366 729
1819 347 681 366 729 400 713
1818 395 659 347 681 400 713
1820 400 713 451 695 395 659
1821 451 695 450 653 395 659
1823 508 657 450 653 451 695
1822 513 697 508 657 451 695
6764 513 697 572 694 508 657
6765 572 694 565 653 508 657
6763 621 658 565 653 572 694
6762 621 709 621 658 572 694
6760 621 658 621 709 673 676
6761 621 709 658 724 673 676
6758 673 676 658 724 711 708
6759 658 724 690 738 711 708
6756 711 708 690 738 729 736
6757 690 738 705 748 729 736
2020 337 743 323 754 338 758
2021 337 743 323 754 338 758
1833 337 743 323 754 338 758
1832 356 756 337 743 338 758
1830 337 743 356 756 366 729
1831 356 756 385 752 366 729
1829 366 729 385 752 418 743
1828 400 713 366 729 418 743
1827 400 713 418 743 458 734
1826 451 695 400 713 458 734
1824 451 695 458 734 513 697
1825 458 734 514 737 513 697
6767 513 697 514 737 566 733
6766 572 694 513 697 566 733
6768 572 694 566 733 621 709
6769 566 733 607 739 621 709
6770 621 709 607 739 658 724
6771 607 739 641 746 658 724
6773 658 724 641 746 671 751
6772 690 738 658 724 671 751
6774 671 751 690 752 690 738
6775 690 752 705 748 690 738
6962 690 752 705 748 690 738
6963 690 752 705 748 690 738
2037 362 761 356 756 338 758
2039 385 752 356 756 362 761
2038 394 759 385 752 362 761
2010 394 759 422 752 385 752
2011 422 752 418 743 385 752
2008 422 752 462 752 418 743
2009 462 752 458 734 418 743
1835 514 737 458 734 462 752
1834 513 759 514 737 462 752
6776 513 759 560 749 514 737
6777 560 749 566 733 514 737
6951 607 739 566 733 560 749
6950 602 749 607 739 560 749
6953 641 746 607 739 602 749
6952 635 754 641 746 602 749
6980 635 754 661 756 641 746
6981 661 756 671 751 641 746
6979 690 752 671 751 661 756
2029 340 766 352 770 362 764
2019 362 764 352 770 375 779
2018 386 765 362 764 375 779
1845 386 765 375 779 403 788
1844 414 764 386 765 403 788
1840 403 788 449 795 414 764
1841 449 795 457 762 414 764
2006 459 762 450 796 511 766
2007 450 796 512 797 511 766
6949 511 766 512 797 573 791
6948 564 758 511 766 573 791
6783 610 759 564 758 573 791
6782 622 785 610 759 573 791
6786 610 759 622 785 643 761
6787 622 785 654 775 643 761
6960 643 761 654 775 665 760
6961 654 775 678 765 665 760
6971 665 760 678 765 690 762
2032 340 766 326 764 330 779
2031 352 770 340 766 330 779
2030 338 793 352 770 330 779
1847 352 770 338 793 357 807
1846 375 779 352 770 357 807
1842 357 807 393 830 375 779
1843 393 830 403 788 375 779
1838 393 830 446 845 403 788
1839 446 845 449 795 403 788
1836 446 845 512 847 449 795
1837 512 847 512 797 449 795
6779 573 791 512 797 512 847
6778 576 842 573 791 512 847
6781 622 785 573 791 576 842
6780 632 826 622 785 576 842
6785 654 775 622 785 632 826
6784 672 804 654 775 632 826
6788 654 775 672 804 678 765
6789 672 804 692 789 678 765
6972 692 789 702 774 678 765
6973 702 774 690 762 678 765
6974 690 762 702 774 705 759
2027 326 764 298 765 305 782
2026 320 773 326 764 305 782
2025 320 773 305 782 312 799
2033 326 764 320 773 330 779
2024 330 779 320 773 312 799
1813 338 793 330 779 312 799
1812 325 827 338 793 312 799
1811 357 807 338 793 325 827
1810 351 854 357 807 325 827
1809 393 830 357 807 351 854
1808 396 878 393 830 351 854
1807 393 830 396 878 451 883
1806 446 845 393 830 451 883
1804 446 845 451 883 512 847
1805 451 883 511 880 512 847
6747 512 847 511 880 567 882
6746 576 842 512 847 567 882
6748 576 842 567 882 632 826
6749 567 882 627 874 632 826
6750 627 874 676 851 632 826
6751 676 851 672 804 632 826
6752 676 851 703 824 672 804
6753 703 824 692 789 672 804
6754 703 824 715 796 692 789
6755 715 796 702 774 692 789
6966 702 774 715 796 709 769
6975 702 774 709 769 705 759
6967 715 796 724 775 709 769
6968 709 769 724 775 705 759